236 186 0.22846044384106362
236 84 0.18150229142326518
236 62 0.35145719037278844
236 142 0.32979100473455925
236 252 0.2781669381298716
236 169 0.2653580907963059
236 280 0.24828189467759446
236 257 0.3319517061917761
236 297 0.2539742444958164
236 303 0.23954930761867058
236 105 0.18915906940834779
236 276 0.27531033828177287
236 272 0.2632681618828605
236 88 0.20502911656352513
236 271 0.4251955417637559
236 13 0.2015150394003623
236 69 0.25621039743009216
236 133 0.34987381106515186
236 30 0.22158240454538453
236 121 0.1785377726083362
236 21 0.2095226550150272
236 26 0.2159701025390202
236 304 0.23627294384106365
236 122 0.35823054661738907
236 224 0.46993964899654594
236 314 0.22698219186532279
236 315 0.1974783709603975
236 213 0.22019625631495554
236 67 0.310298271206431
236 318 0.18080499132006472
236 322 0.26371196823130755
236 141 0.28809746099487177
236 25 0.3118447276731192
236 1 0.19699611612930887
236 200 0.2935701783040714
236 248 0.27670695295325154
186 236 0.22846044384106362
186 88 0.4709641381815275
186 213 0.22554357040577871
186 341 0.27280322061459583
186 272 0.2083924661517702
186 25 0.20331689600071884
186 109 0.2193486246213518
186 55 0.21792757917795202
186 199 0.1953523420399591
186 223 0.3818188827934258
186 178 0.21286793558947542
186 345 0.31508604371688115
186 9 0.34375636197670334
186 277 0.32263560694933235
186 325 0.36483364534906865
186 67 0.2568672612606986
186 59 0.2234326077587515
186 123 0.1846238908559315
186 203 0.30845604243261293
186 45 0.31274640408872556
186 104 0.39164344579355703
186 62 0.3542558380509897
186 285 0.23957979569516474
186 200 0.20017114613746975
186 170 0.22557450645360433
186 21 0.4313089949605266
186 128 0.31182545855078553
186 221 0.1616085951257505
186 252 0.28200796873351874
186 239 0.4072752703040368
186 322 0.5261928411139314
186 188 0.22694419662193985
186 323 0.13120742076285907
186 142 0.41840375017198395
186 222 0.0951794907395869
186 56 0.3836524615002685
186 26 0.38839921911956043
186 98 0.4008992191195605
186 331 0.03533102642595674
186 303 0.5775405405026106
186 122 0.46004215323367736
186 113 0.2159731415332377
186 271 0.21907319852172724
122 285 0.364651422841248
122 322 0.4308754865670107
122 345 0.4488319206955654
122 323 0.3207911471121144
122 200 0.33360277066220734
122 5 0.2597062917443907
122 248 0.23563781362162745
122 141 0.3013077344939501
122 274 0.21670668491952108
122 276 0.3374535559951734
122 284 0.15936494658951872
122 98 0.3352972079648181
122 224 0.29998898743023755
122 142 0.6101474167936701
122 3 0.26713440165983743
122 128 0.44354592932334563
122 119 0.26297994041948874
122 45 0.3644704364022749
122 26 0.3979182057310132
122 56 0.40970622676721313
122 239 0.5757700888913133
122 280 0.31441935164392376
122 123 0.3243424909247499
122 136 0.20758782700417996
122 31 0.30462745859087614
122 169 0.32439807135335297
122 156 0.22098717280268143
122 203 0.3830581328242856
122 261 0.2790679808834895
122 25 0.3342699776671032
122 55 0.2824572818796687
122 303 0.3890038126743257
122 304 0.4052940912181735
122 213 0.2948009469820071
122 252 0.39623545939221116
122 332 0.273608005907769
122 104 0.4796013434115737
122 272 0.325181402675696
122 236 0.35823054661738907
122 170 0.2914817825376154
122 325 0.27200606872431177
122 342 0.36672516021179746
122 161 0.2384745637362817
122 344 0.21661708142480762
122 235 0.30987216001326123
122 188 0.405755201542373
122 271 0.3704895588781954
122 62 0.4243605462923848
122 21 0.45241441277182404
122 186 0.46004215323367736
122 109 0.3391897464847071
122 277 0.3106054656576842
122 176 0.2599005115798779
122 113 0.36288140866858015
122 297 0.3432338449132113
122 315 0.30749235474006115
122 251 0.30689596953707077
122 9 0.3586068714411997
122 66 0.2699865974808908
122 232 0.2679460995096384
122 67 0.46432513730253133
122 281 0.12020706326423178
285 122 0.364651422841248
285 103 0.2576982954680485
285 232 0.26723473403275966
285 146 0.1814756077925595
285 246 0.10087106928007042
285 188 0.40365895861423673
285 136 0.22801443787798098
285 200 0.37346424222948094
285 271 0.41276591356804404
285 60 0.14939522780455353
285 213 0.2181384653173072
285 98 0.32145455992222205
285 170 0.38583110001301096
285 323 0.369566596913117
285 208 0.1692276141723886
285 119 0.32509934624776116
285 315 0.17333064556243102
285 313 0.35179794912806883
285 345 0.2636208013728915
285 272 0.2690678101107891
285 142 0.38213102499623475
285 221 0.296917643793032
285 186 0.23957979569516474
285 164 0.10824067786108024
285 117 0.14377875381765537
285 277 0.35122640570600805
285 303 0.1732318445801691
285 203 0.33762308954185005
285 185 0.2631021571762266
285 196 0.2102147484401167
285 211 0.33404964605905735
285 304 0.1936179450458141
285 9 0.2941412934785208
285 109 0.38150857750977607
285 25 0.3506708572354853
285 252 0.3118327718733688
285 56 0.4063658316926898
285 342 0.34979177599415456
285 261 0.3321642020784441
285 10 0.2909704049318942
285 67 0.4441881994274959
285 322 0.21668108879861303
285 113 0.5153269157037648
285 26 0.29727188381841346
285 239 0.30851591139365475
285 332 0.30671790331118576
24 346 0.4128651551156035
24 302 0.4594473374311513
24 53 0.24753974512663054
24 80 0.31784778942623976
24 187 0.59444981726688
24 249 0.5939548111717975
24 299 0.5280580355617036
24 92 0.5773652694706009
24 266 0.41298002909812553
24 180 0.549526405563767
24 194 0.580956298680813
24 94 0.41570597096619666
24 101 0.4989163982499837
24 57 0.4252402234848025
24 242 0.47547032219011864
346 24 0.4128651551156035
346 53 0.2863030841457776
346 1 0.12098594514442805
346 92 0.5138672532793985
346 272 0.22952254925459883
346 184 0.11963641747911093
346 194 0.4861515324506178
346 94 0.4816815452220099
346 204 0.43516546518126487
346 299 0.48299655851862355
346 320 0.2983319035451915
346 196 0.28765658773094616
346 101 0.5508515119370876
346 127 0.18501834824184094
346 300 0.3334572536168373
346 187 0.4474650259124392
346 130 0.15742828475124415
346 249 0.5373180028957726
346 254 0.47581699346405226
346 302 0.4438189387378957
346 80 0.37756094750572194
346 57 0.3419893954620704
346 242 0.41719337721956706
346 180 0.46944143381779135
346 330 0.38114847150125114
346 266 0.5048846100978981
271 304 0.23491030259412543
271 169 0.3510464585494558
271 82 0.3086182176189654
271 252 0.4790098384835434
271 188 0.4492165538475399
271 185 0.2668692859579276
271 277 0.3620457495194863
271 98 0.4264728402983241
271 261 0.41403489080079703
271 30 0.12438219278119511
271 232 0.3808259191551632
271 203 0.44724346548149563
271 285 0.41276591356804404
271 133 0.2629843971972451
271 79 0.2296042617960426
271 59 0.22715393019697191
271 21 0.265412153774404
271 103 0.27866427732862487
271 172 0.3824051257485958
271 332 0.42089179140088556
271 142 0.3239018087855297
271 119 0.35983413769268
271 25 0.4649828178694158
271 113 0.46842046233515855
271 223 0.25869422470765996
271 128 0.35003368202135976
271 85 0.20589445493881037
271 276 0.28106377424956286
271 322 0.2435830024432959
271 236 0.4251955417637559
271 40 0.37154823567100326
271 26 0.4451386909715187
271 141 0.33877878071687073
271 331 0.21383635033966275
271 272 0.33674771253359415
271 170 0.40668591874084437
271 67 0.45096370357673365
271 161 0.2411229809311644
271 200 0.44991036394374234
271 199 0.45077346244909844
271 176 0.34240003075518444
271 298 0.22266649568345384
271 313 0.3901982168529461
271 239 0.3762682734053469
271 211 0.3962103170108275
271 297 0.31614096918559587
271 325 0.36068336661411354
271 265 0.4109001601590375
271 109 0.3738529196671015
271 122 0.3704895588781954
271 9 0.3811852025994257
271 224 0.44452171579232524
271 315 0.17060294667808448
271 342 0.40717653916421687
271 13 0.4239935034301046
271 118 0.42895824993326664
271 280 0.3155705846592263
271 323 0.3075144279270995
271 268 0.25626857165681916
271 314 0.3408622557965253
271 290 0.2999516367153071
271 148 0.2206189918156457
271 291 0.2814989117094704
271 48 0.17176841710300206
271 318 0.21170478303379092
271 104 0.3558367535883389
271 238 0.2505194203386845
271 212 0.2996291896093266
271 72 0.33116129691881324
271 186 0.21907319852172724
271 56 0.5353837340994428
271 63 0.23156065637545872
304 271 0.23491030259412543
304 199 0.22648651550178267
304 30 0.47184390357742184
304 168 0.1357996582998645
304 249 0.09354284209161981
304 325 0.3580420762624176
304 158 0.13277203070435245
304 212 0.1339280312205449
304 322 0.5104187159813758
304 21 0.44014031671501586
304 324 0.08276490848922806
304 308 0.1933467348322317
304 172 0.10842626452119485
304 170 0.18093164931074718
304 188 0.22102364658374274
304 161 0.17567802956227235
304 9 0.3799115647985728
304 272 0.21516902292832696
304 280 0.34089921911956045
304 224 0.1750377411827139
304 203 0.30747547548663323
304 109 0.20203101224110126
304 257 0.21513550928562053
304 69 0.09052871559939908
304 334 0.28956195454825295
304 136 0.28683671911956043
304 98 0.37195185069850784
304 141 0.18231954201656966
304 26 0.4387040971683409
304 75 0.16893834326085283
304 134 0.19713338624862248
304 122 0.4052940912181735
304 56 0.30443833324361025
304 67 0.28740319811155024
304 285 0.1936179450458141
304 236 0.23627294384106365
304 239 0.3605454940561883
304 40 0.20865085733900035
304 200 0.17898237343521328
304 118 0.20417015517153064
304 341 0.23669415650258405
304 113 0.22010906820437565
304 332 0.19196081810579083
304 66 0.29298955601832255
304 277 0.364522732169791
304 252 0.29804614742229985
304 211 0.15807968587697216
304 7 0.1236178597851345
304 347 0.1042052740335436
304 84 0.1902945552808537
304 13 0.20495541502331377
304 246 0.5491803278688523
304 31 0.1703732313518651
304 315 0.40371499273985023
176 9 0.2558576538219777
176 170 0.3851247531933788
176 85 0.3000480990473152
176 128 0.310066766215139
176 290 0.315070057533114
176 25 0.302608358228644
176 239 0.2028559376221005
176 119 0.21193273252626188
176 26 0.23449217280025417
176 271 0.34240003075518444
176 148 0.2512919271832946
176 122 0.2599005115798779
176 188 0.35064020591380163
9 176 0.2558576538219777
9 128 0.22404396548627284
9 105 0.25214790820492733
9 252 0.23809168855705112
9 203 0.2228948977735697
9 322 0.39870141692175826
9 323 0.2349716205399182
9 258 0.22713796010094012
9 75 0.3590619893791931
9 26 0.7687499999999998
9 276 0.249258037036561
9 186 0.34375636197670334
9 231 0.30657127715951243
9 304 0.3799115647985728
9 21 0.3201231470026581
9 341 0.17891994213238055
9 67 0.37158240454538455
9 30 0.3102477477477477
9 272 0.29605483881220407
9 56 0.27970976858625834
9 142 0.2992881574983136
9 334 0.2278126264571916
9 297 0.316273181432694
9 85 0.3036619550540612
9 199 0.336765296343882
9 280 0.7
9 161 0.27166399765279614
9 200 0.2821206905811339
9 119 0.297552606794227
9 156 0.20990171055290036
9 66 0.2043436709459399
9 188 0.4761113478311443
9 224 0.28467442857932024
9 170 0.3295805413723213
9 342 0.3208922318228439
9 295 0.1953054394972101
9 113 0.3623750840948805
9 79 0.33431777920364997
9 232 0.2954689945378411
9 285 0.2941412934785208
9 72 0.27773585961720615
9 169 0.32883436884716466
9 134 0.33851384668045353
9 25 0.3496428342487173
9 329 0.5592105263157894
9 315 0.2998089620335342
9 277 0.5739944412118304
9 148 0.05792289853361759
9 271 0.3811852025994257
9 69 0.20727005825885672
9 185 0.6428571428571428
9 141 0.2998997698979921
9 3 0.26560339159219004
9 122 0.3586068714411997
9 133 0.1904884113279684
9 291 0.2924134476421023
130 329 0.4311372983546876
130 48 0.2379618221871492
130 300 0.09737899289674781
130 322 0.22058333823039702
130 204 0.27199787467392345
130 73 0.1859314232285817
130 88 0.28710611567128463
130 25 0.20021948055036018
130 257 0.10192511199301074
130 346 0.15742828475124415
130 53 0.2930044822774552
130 62 0.11396224591187415
130 191 0.43857777454516383
130 213 0.1707716616422733
130 277 0.3577375565610859
329 130 0.4311372983546876
329 324 0.25191962728282574
329 291 0.21297188599149688
329 332 0.22846719495273182
329 184 0.29536679536679533
329 269 0.08841144623897816
329 119 0.19633309459910508
329 272 0.18143583196288904
329 150 0.10302858355484372
329 197 0.25883436884716465
329 54 0.3434955889449676
329 106 0.5294117647058822
329 30 0.2834620334620334
329 40 0.20279513963236692
329 204 0.16609063142409458
329 315 0.1845492217737939
329 322 0.24437747998912568
329 16 0.13969476053431762
329 27 0.26954088047149255
329 308 0.21947378221157232
329 202 0.23195646963127323
329 9 0.5592105263157894
329 320 0.22159235264937177
329 172 0.11597341381610728
329 178 0.14376197790704473
329 284 0.5365853658536585
329 280 0.5725806451612903
329 72 0.2137398489789083
329 231 0.3602477477477477
204 213 0.30707736723929013
204 196 0.44639803415312973
204 5 0.32723583410238943
204 94 0.3658225068262234
204 346 0.43516546518126487
204 130 0.27199787467392345
204 92 0.5590636632817122
204 242 0.41450723944661394
204 53 0.2790525973850605
204 194 0.4272645589502047
204 249 0.4993499723063539
204 266 0.5072974462654416
204 57 0.3970806073599679
204 330 0.4336970474967908
204 329 0.16609063142409458
204 101 0.436560527723432
204 80 0.2740259896731223
204 254 0.4760296170794045
204 180 0.5466725724018511
204 302 0.41396916479069656
204 277 0.1399494486715251
213 204 0.30707736723929013
213 186 0.22554357040577871
213 57 0.2696703838782869
213 249 0.28275386591440854
213 7 0.21184666078085485
213 340 0.2227876018419635
213 285 0.2181384653173072
213 40 0.2163291182946575
213 315 0.24492238670344335
213 291 0.32102956223296925
213 87 0.2521228898759486
213 178 0.22607490201980804
213 246 0.22297859092561456
213 345 0.28840758606743166
213 272 0.30567320010134835
213 324 0.04580548591764555
213 96 0.17671450270330116
213 53 0.22298044077251794
213 224 0.269993767616404
213 128 0.2239394948927829
213 67 0.2301705353817875
213 122 0.2948009469820071
213 277 0.16377326765751046
213 161 0.213536903562479
213 308 0.30340941177414776
213 30 0.22810339159219006
213 5 0.21151432584397717
213 332 0.24785206069208837
213 236 0.22019625631495554
213 136 0.19058488986115002
213 231 0.23423084257258223
213 322 0.2787648589211849
213 80 0.2191292463040181
213 130 0.1707716616422733
213 239 0.29291429372189515
213 242 0.13054701107327124
213 56 0.2776873022977464
213 303 0.29603817420088574
252 332 0.24446244922412308
252 334 0.2835353810331416
252 291 0.20378604726350172
252 271 0.4790098384835434
252 9 0.23809168855705112
252 26 0.34721700394813604
252 248 0.23176156917368249
252 338 0.1939803501603577
252 236 0.2781669381298716
252 239 0.4062190825102552
252 72 0.1528771016841341
252 56 0.4397325540416801
252 109 0.3264510393432022
252 134 0.23259027522523198
252 250 0.19516552229636125
252 113 0.3635933350632135
252 119 0.2962000498809992
252 161 0.2128517445627751
252 325 0.25676984947659137
252 29 0.13318703311672375
252 200 0.3681227553030195
252 13 0.36908324347820176
252 172 0.26799961147706597
252 65 0.1752398300432477
252 280 0.19477797955789217
252 25 0.3228194141786959
252 103 0.17735391066738376
252 59 0.22435190926524623
252 123 0.2633762674164418
252 322 0.2425425797535666
252 67 0.46462379241092955
252 82 0.25599389438486353
252 265 0.278190838336343
252 186 0.28200796873351874
252 128 0.29120090192364156
252 315 0.17813108750282838
252 199 0.3818764204504832
252 297 0.31336201291939925
252 122 0.39623545939221116
252 313 0.33596381160760364
252 212 0.1766924143809175
252 324 0.05413950321435322
252 79 0.20076433965429585
252 98 0.3155598038144909
252 277 0.26734228351834555
252 308 0.2092485706324958
252 66 0.2531326627571687
252 272 0.2667690263935324
252 31 0.3083274356170892
252 285 0.3118327718733688
252 223 0.27634291431455427
252 118 0.3290346292680744
252 188 0.3432990681936042
252 304 0.29804614742229985
252 104 0.39116920663243365
252 345 0.23124148206587136
252 142 0.41754523030405266
252 169 0.29520207904758455
252 21 0.3516389378302689
252 261 0.4002271425340138
252 55 0.22774332021019256
252 342 0.29341179617714075
252 238 0.1438314763932207
252 170 0.3995601794726139
332 252 0.24446244922412308
332 203 0.22910262875059098
332 248 0.47059913881860094
332 13 0.23354191914528644
332 104 0.22858721255415082
332 98 0.31765125567379443
332 40 0.26071758215764396
332 38 0.17533027942564514
332 25 0.37173335872216035
332 329 0.22846719495273182
332 119 0.2953396727171496
332 67 0.3298989250657193
332 291 0.40305361980041504
332 280 0.30204039594528764
332 158 0.22337754886067837
332 56 0.24164999509290183
332 271 0.42089179140088556
332 331 0.24704483004466848
332 21 0.16978615416227988
332 277 0.31902518679732744
332 324 0.1610517271966999
332 53 0.09245839448650973
332 224 0.3360342614315436
332 208 0.22255549450677808
332 200 0.2735918703970456
332 77 0.24715336295284263
332 16 0.16395741090538396
332 169 0.33539738149416165
332 170 0.2865335840604448
332 122 0.273608005907769
332 231 0.16687311020557327
332 323 0.27118420622851824
332 109 0.3173388510931268
332 10 0.25230330054239686
332 304 0.19196081810579083
332 26 0.32872605596428095
332 213 0.24785206069208837
332 172 0.22385145613514365
332 142 0.2564684653059759
332 48 0.11737330454071424
332 106 0.1884952454436154
332 285 0.30671790331118576
82 65 0.2856939543672703
82 271 0.3086182176189654
82 169 0.28734887695506184
82 231 0.11681788305842894
82 211 0.4499276654008112
82 238 0.29546988317508244
82 203 0.3999671064897877
82 331 0.17801889258097714
82 158 0.14207989476666238
82 118 0.5109413009783157
82 56 0.223938916287526
82 84 0.13482198448900845
82 148 0.14465696589576893
82 13 0.5457572892168634
82 252 0.25599389438486353
82 119 0.2512683358491028
82 314 0.31730925184430225
82 170 0.25347201051928553
82 199 0.4003681004584624
82 59 0.2866925860169024
82 261 0.4658396912230174
82 121 0.23983631834569816
82 172 0.278851877789987
82 268 0.36761363398954494
82 313 0.3805051272532785
82 123 0.3583584420318193
82 98 0.3295378178216982
82 325 0.3482956992844978
82 67 0.2096001754004878
82 16 0.21181123675941743
82 29 0.19439041620497086
82 222 0.3039688081684399
82 318 0.3205080716814723
65 82 0.2856939543672703
65 314 0.4056764846387641
65 261 0.3683240828675917
65 203 0.18363013001144743
65 252 0.1752398300432477
65 7 0.24089572262704234
65 118 0.38322730307384245
65 297 0.279350591244088
65 25 0.24334363985524216
65 339 0.10144334333507171
65 13 0.37696499985185244
276 26 0.2692440117911192
276 25 0.2597742510925374
276 239 0.26476123684256314
276 122 0.3374535559951734
276 9 0.249258037036561
276 62 0.3396421872225215
276 98 0.240905502474349
276 236 0.27531033828177287
276 271 0.28106377424956286
276 200 0.2760787486515642
276 322 0.14087827584741808
276 224 0.4004493227518045
276 56 0.2503250849668701
276 232 0.4416936353829558
276 141 0.46533585817163337
276 133 0.4006363851230789
276 84 0.25209336155190454
26 276 0.2692440117911192
26 277 0.6271079943253836
26 56 0.3394923772819105
26 297 0.3030563355545578
26 252 0.34721700394813604
26 134 0.33909932677413035
26 3 0.24199228048107893
26 334 0.23415988280444797
26 109 0.3291999561669354
26 257 0.15727549142055824
26 21 0.39777466215417323
26 158 0.2620209820192042
26 9 0.7687499999999998
26 199 0.40638554950843897
26 313 0.3275225626993772
26 118 0.29306311062230844
26 265 0.26755260679422704
26 203 0.2876007801265109
26 72 0.28554835961720615
26 308 0.28388936662715675
26 232 0.31996864947227865
26 248 0.29647971186148014
26 128 0.2666128113975615
26 122 0.3979182057310132
26 176 0.23449217280025417
26 69 0.20081465919782387
26 113 0.3904703221901186
26 239 0.39237333196288904
26 161 0.2804682564570549
26 271 0.4451386909715187
26 169 0.3755010355138313
26 104 0.2702634794085462
26 188 0.3963036555234519
26 325 0.6818181818181817
26 315 0.3094243466489188
26 55 0.3102836442094835
26 67 0.4790987444146656
26 119 0.30734642122721667
26 304 0.4387040971683409
26 40 0.3364976712779365
26 298 0.1652012182575481
26 200 0.3617214695490015
26 123 0.2828071155449057
26 295 0.2139690339672562
26 98 0.7278481012658227
26 79 0.3118158722623838
26 236 0.2159701025390202
26 280 0.6898734177215189
26 141 0.3238896688878911
26 291 0.2735195967317622
26 170 0.3281916524834324
26 133 0.20267262773753691
26 322 0.40498085177262166
26 186 0.38839921911956043
26 332 0.32872605596428095
26 62 0.2579923426750617
26 172 0.22079339058730357
26 224 0.28255321645810816
26 185 0.6133333333333332
26 13 0.32935357082755956
26 212 0.26458220196535454
26 285 0.29727188381841346
26 223 0.2849280096525818
26 66 0.20671156725700668
26 25 0.36280560770070097
26 142 0.36530794440851144
26 323 0.22688912332698621
280 272 0.27266179350135056
280 1 0.2949175590685024
280 291 0.2932350438862337
280 3 0.2574401262860676
280 236 0.24828189467759446
280 141 0.3345734295716518
280 98 0.6164383561643835
280 188 0.3684190401388366
280 121 0.28403980296460657
280 332 0.30204039594528764
280 231 0.34390159390159386
280 304 0.34089921911956045
280 290 0.34934078615101993
280 257 0.21736749832107577
280 40 0.30435763963236695
280 252 0.19477797955789217
280 297 0.3445812788652154
280 9 0.7
280 122 0.31441935164392376
280 119 0.2756013872820319
280 67 0.30857735404033404
280 185 0.6320754716981131
280 105 0.2882590193160384
280 315 0.32219326786854424
280 25 0.34212736121600285
280 153 0.3140838242390852
280 142 0.2853992686094247
280 239 0.25214897298853006
280 200 0.25381548664301856
280 26 0.6898734177215189
280 21 0.3417681686476798
280 277 0.5782138504945309
280 322 0.357875963305607
280 232 0.28318986905116844
280 329 0.5725806451612903
280 271 0.3155705846592263
280 133 0.22570666529622235
280 323 0.2204788669167298
280 117 0.183648556569291
280 169 0.37832589427089347
280 31 0.3014269614397572
280 39 0.5957446808510637
272 280 0.27266179350135056
272 186 0.2083924661517702
272 159 0.32138845048710113
272 203 0.25244565106034966
272 346 0.22952254925459883
272 21 0.21208830350053448
272 105 0.28159442547122016
272 329 0.18143583196288904
272 108 0.2656575931518864
272 304 0.21516902292832696
272 56 0.26407153828548857
272 291 0.35468772994291903
272 211 0.23831790487226653
272 67 0.2969925020588136
272 9 0.29605483881220407
272 197 0.26558648572083515
272 236 0.2632681618828605
272 285 0.2690678101107891
272 297 0.2663502558039187
272 213 0.30567320010134835
272 257 0.2931512069642047
272 185 0.20595091816978559
272 271 0.33674771253359415
272 98 0.2412603182642589
272 277 0.20765354989561258
272 72 0.3188506708373646
272 148 0.14059571865317091
272 320 0.36233742408189507
272 25 0.29947514586146085
272 122 0.325181402675696
272 40 0.37764613794268637
272 281 0.28680475371275055
272 127 0.37078785422895727
272 252 0.2667690263935324
272 75 0.2476102090156606
272 156 0.22849804665151968
272 258 0.2613742224889211
272 239 0.3325455347576731
272 79 0.23697900644961628
272 188 0.36779367101880334
272 184 0.07682865583296637
272 178 0.29459576252542746
272 141 0.42602882095171446
272 85 0.2985793268376414
211 199 0.43464529867008683
211 325 0.37836934903899855
211 239 0.2820726746679142
211 98 0.4059880069768055
211 82 0.4499276654008112
211 203 0.5009079875316643
211 331 0.20292595186406107
211 118 0.49899529835593015
211 172 0.41204239601162435
211 56 0.29477552451279465
211 272 0.23831790487226653
211 128 0.2545009791220877
211 13 0.45520806923285745
211 342 0.36198092615455313
211 222 0.2813011083131705
211 238 0.3579698831750824
211 261 0.4528447218074374
211 103 0.23224447986711624
211 285 0.33404964605905735
211 29 0.121518729468083
211 315 0.10377504966950253
211 271 0.3962103170108275
211 223 0.28576487754593416
211 304 0.15807968587697216
211 59 0.32776116655916715
211 313 0.4665740772973038
211 268 0.3852606928130743
211 170 0.2966092654212463
211 265 0.4667663357278438
199 211 0.43464529867008683
199 304 0.22648651550178267
199 222 0.3273652694706008
199 40 0.3011392398181345
199 265 0.526244954502642
199 118 0.5224158555713285
199 212 0.2511889779688159
199 261 0.4427808623088907
199 119 0.3441974467025808
199 186 0.1953523420399591
199 314 0.3568938775493505
199 98 0.42557067609071747
199 26 0.40638554950843897
199 203 0.4121652664837768
199 313 0.48655780234328894
199 315 0.15439315927982278
199 238 0.3934072070892397
199 200 0.35471249216572065
199 141 0.3437071955651822
199 325 0.44119567609071747
199 239 0.3813939090923074
199 172 0.36991551442941256
199 56 0.4732696995261572
199 128 0.4485482681851035
199 9 0.336765296343882
199 223 0.30355095071513427
199 113 0.46895531193527484
199 134 0.31027210144358974
199 25 0.3235032368024281
199 291 0.2241244393787026
199 324 0.14117242382096773
199 252 0.3818764204504832
199 271 0.45077346244909844
199 82 0.4003681004584624
199 161 0.29476382879166574
199 62 0.29888001477497844
199 322 0.17796677865967742
199 67 0.44315373378689493
199 232 0.2752696217568332
199 342 0.4777970366580099
199 298 0.1558995512665907
199 231 0.17899363813870495
199 72 0.30236752385473536
199 288 0.3361848383596329
199 48 0.14359951172758179
199 13 0.5152466017394928
84 236 0.18150229142326518
84 224 0.2079245121874452
84 51 0.24188189052645567
84 82 0.13482198448900845
84 237 0.39210500187119096
84 25 0.20896786554646754
84 83 0.3799170338804515
84 265 0.11872128925257745
84 304 0.1902945552808537
84 276 0.25209336155190454
84 313 0.1782046566757733
84 31 0.34719708007711897
133 62 0.4082659949582155
133 188 0.3167342716063607
133 271 0.2629843971972451
133 96 0.27543473050083844
133 40 0.22955253086948257
133 1 0.30092198687265254
133 141 0.36501042477690804
133 315 0.2044740198000089
133 236 0.34987381106515186
133 232 0.25822320977416857
133 276 0.4006363851230789
133 26 0.20267262773753691
133 183 0.2364389962054795
133 224 0.4233131059469069
133 280 0.22570666529622235
133 322 0.27251336554213207
133 9 0.1904884113279684
62 133 0.4082659949582155
62 236 0.35145719037278844
62 239 0.3623410870615649
62 200 0.19091556207378985
62 161 0.2513693983077453
62 323 0.25122218451823763
62 276 0.3396421872225215
62 56 0.274858930774718
62 67 0.20944202460680167
62 142 0.3683288327735154
62 186 0.3542558380509897
62 322 0.32813101947334095
62 170 0.27780186517803696
62 223 0.4248831943760084
62 141 0.3741609666240231
62 199 0.29888001477497844
62 341 0.32358326327726067
62 26 0.2579923426750617
62 122 0.4243605462923848
62 318 0.259370953320291
62 130 0.11396224591187415
62 98 0.2361886897070252
62 261 0.2817337655168482
62 224 0.33703349030079377
62 96 0.3142344031722965
239 172 0.30796817971365187
239 344 0.24285237976160706
239 62 0.3623410870615649
239 238 0.1874200254645155
239 141 0.27316843762210047
239 223 0.4312958516036105
239 252 0.4062190825102552
239 211 0.2820726746679142
239 21 0.33161095352471226
239 56 0.4699639448782663
239 276 0.26476123684256314
239 118 0.30309801508688916
239 295 0.22404974865982175
239 212 0.21624593263650996
239 234 0.2684754521963824
239 323 0.26475992344359167
239 176 0.2028559376221005
239 325 0.33839605923561633
239 203 0.4551137286394822
239 313 0.3395531116466953
239 232 0.3095929676117939
239 59 0.33123584178971643
239 322 0.34400996418158786
239 199 0.3813939090923074
239 122 0.5757700888913133
239 26 0.39237333196288904
239 188 0.317665999493031
239 119 0.25605979454343264
239 55 0.3564224640925433
239 109 0.3085720444479514
239 265 0.2594447075028137
239 67 0.41288937400407266
239 169 0.28842093595662566
239 186 0.4072752703040368
239 261 0.29642670866513854
239 280 0.25214897298853006
239 60 0.3678162333964743
239 13 0.3459882188920967
239 25 0.3185251211212332
239 304 0.3605454940561883
239 271 0.3762682734053469
239 123 0.27281937589887506
239 66 0.33990402362495387
239 113 0.3542731423501739
239 40 0.2885159113936548
239 277 0.27235715315016507
239 338 0.3511583804086371
239 200 0.3167174276233037
239 170 0.3055140478130404
239 272 0.3325455347576731
239 213 0.29291429372189515
239 72 0.2924601004789268
239 104 0.5212574489641584
239 231 0.28909932677413036
239 303 0.3054858813959791
239 285 0.30851591139365475
239 98 0.37923927399187457
239 142 0.4622378958298943
172 239 0.30796817971365187
172 342 0.2814084247702647
172 308 0.1892043248889505
172 232 0.2766753359892491
172 141 0.21653290175492673
172 98 0.28966584160689574
172 313 0.3151441745130107
172 331 0.27262905162064827
172 277 0.14755824862291034
172 304 0.10842626452119485
172 238 0.2268869186717563
172 13 0.34282191837029924
172 159 0.15516004864669927
172 252 0.26799961147706597
172 271 0.3824051257485958
172 211 0.41204239601162435
172 223 0.2794744743741661
172 199 0.36991551442941256
172 325 0.29057658841928186
172 29 0.24451498676543512
172 212 0.32476150113737556
172 118 0.34384622300516426
172 261 0.35808823529411765
172 113 0.2805900228404712
172 231 0.07337564929219931
172 72 0.2564926113842947
172 82 0.278851877789987
172 103 0.1709102796645554
172 265 0.3978221467959471
172 329 0.11597341381610728
172 26 0.22079339058730357
172 332 0.22385145613514365
172 16 0.2127784778166329
172 128 0.21598634684818674
172 203 0.3281052342961464
172 56 0.3352024623000338
172 40 0.36365659064368316
172 298 0.25530076159229026
172 59 0.2414634072043031
172 268 0.2514522176787724
322 53 0.4503385272333359
322 207 0.18240626663159365
322 122 0.4308754865670107
322 9 0.39870141692175826
322 25 0.21087184105566392
322 304 0.5104187159813758
322 104 0.27359466530575216
322 290 0.17648419884478597
322 142 0.3955956313186673
322 48 0.22967868965702873
322 203 0.259232127514533
322 45 0.27439023970516385
322 136 0.2906428088631502
322 56 0.3185838599165406
322 128 0.2658232679702817
322 60 0.2579025135940377
322 1 0.4579606859375689
322 130 0.22058333823039702
322 161 0.1816304105146533
322 126 0.24014366436269813
322 85 0.11508476981340356
322 239 0.34400996418158786
322 323 0.13460812033534253
322 341 0.24749053449190375
322 185 0.29349181171215305
322 118 0.13532957546138574
322 303 0.5306154457780405
322 297 0.17612573582276347
322 246 0.3986384574619868
322 271 0.2435830024432959
322 315 0.5670545983854282
322 30 0.49516561238300166
322 109 0.2473663652466002
322 252 0.2425425797535666
322 221 0.13509344361059894
322 62 0.32813101947334095
322 88 0.4917433589607483
322 308 0.17494309546085038
322 21 0.4158585109694618
322 276 0.14087827584741808
322 158 0.20693147239843007
322 178 0.20497677912689038
322 186 0.5261928411139314
322 257 0.20860547111001274
322 75 0.16114173309136132
322 7 0.11763495380222849
322 242 0.2231214413417827
322 329 0.24437747998912568
322 250 0.1891604523241355
322 339 0.03500575923241987
322 67 0.2617101622765266
322 345 0.27914584820221755
322 170 0.21249311110476712
322 224 0.16446081810579083
322 87 0.1402972280565321
322 26 0.40498085177262166
322 260 0.2279262461465875
322 199 0.17796677865967742
322 188 0.2433404102798168
322 280 0.357875963305607
322 232 0.16318596815511038
322 213 0.2787648589211849
322 236 0.26371196823130755
322 277 0.3239064856711915
322 38 0.0657607298719858
322 285 0.21668108879861303
322 40 0.1706409220687911
322 342 0.16570409714217832
322 133 0.27251336554213207
322 200 0.1729972330939915
322 169 0.20453020809605116
53 322 0.4503385272333359
53 346 0.2863030841457776
53 299 0.31112333196288905
53 24 0.24753974512663054
53 1 0.6216216216216215
53 48 0.3414920999836877
53 196 0.21236519289145306
53 94 0.4078071155449057
53 260 0.2616366366366366
53 266 0.1994072474175092
53 254 0.28710436619705965
53 248 0.09597912087693064
53 242 0.4838588588588588
53 204 0.2790525973850605
53 191 0.2638767800058122
53 54 0.18202790890742002
53 317 0.12843651237519518
53 332 0.09245839448650973
53 330 0.3590115497914415
53 213 0.22298044077251794
53 101 0.3460053292154853
53 249 0.34723444307400014
53 130 0.2930044822774552
53 180 0.32522921570576363
53 302 0.5284868786279798
53 146 0.12428122669973113
53 315 0.3240373197480412
53 194 0.4267465094842996
53 88 0.5568181818181817
53 92 0.3250020415000495
3 170 0.34171799004684145
3 283 0.20545609548167093
3 85 0.3446405436217285
3 228 0.10541332123369904
3 280 0.2574401262860676
3 200 0.3366936563818728
3 26 0.24199228048107893
3 25 0.3254707836796954
3 72 0.2792175833339825
3 142 0.2459365414577927
3 122 0.26713440165983743
3 188 0.39403460003584145
3 323 0.31807325533407826
3 67 0.2763591539298441
3 274 0.4498368956875437
3 9 0.26560339159219004
170 3 0.34171799004684145
170 176 0.3851247531933788
170 56 0.4204702803922531
170 223 0.3089497823147106
170 274 0.3184846171954657
170 142 0.3183218182795431
170 119 0.3220097170228401
170 290 0.3595931198992901
170 304 0.18093164931074718
170 285 0.38583110001301096
170 200 0.38352448581530707
170 21 0.23768686421842447
170 250 0.2800337473993271
170 188 0.4612055817158167
170 315 0.15277848110291567
170 124 0.1860339638573196
170 128 0.2926366431308416
170 55 0.33419246501055705
170 342 0.27596997646417487
170 268 0.221328242582369
170 203 0.40358102535854157
170 186 0.22557450645360433
170 260 0.13799557405205987
170 277 0.262349837729385
170 271 0.40668591874084437
170 82 0.25347201051928553
170 313 0.2714550786852792
170 62 0.27780186517803696
170 9 0.3295805413723213
170 332 0.2865335840604448
170 185 0.2645552888470688
170 122 0.2914817825376154
170 85 0.3035802201125979
170 322 0.21249311110476712
170 26 0.3281916524834324
170 98 0.31201518189519717
170 75 0.3467385099702121
170 67 0.3981957726659152
170 239 0.3055140478130404
170 25 0.33669810230656794
170 323 0.4275948974236456
170 341 0.2802895515570836
170 334 0.2584607485377315
170 211 0.2966092654212463
170 252 0.3995601794726139
175 46 0.4808032360603074
175 278 0.4648555899399084
175 263 0.38039331420700373
175 19 0.17059301102562305
175 143 0.5160818713450293
175 321 0.2760102456639183
175 99 0.3712045547217101
175 23 0.16636476183627102
175 68 0.4651202766237828
175 177 0.3981481481481482
175 277 0.19806476712113646
175 86 0.23637966076628747
175 296 0.3592275684566219
175 225 0.47647107287067236
175 102 0.3996736872497574
175 227 0.6066305305833077
46 175 0.4808032360603074
46 177 0.36608858016711904
46 278 0.4263289718406854
46 143 0.43614644287307147
56 170 0.4204702803922531
56 67 0.48944779133681593
56 134 0.2416260208641131
56 109 0.36906514344243246
56 26 0.3394923772819105
56 104 0.3738721091647115
56 88 0.15843728285261877
56 141 0.21675153449268675
56 265 0.316605819921591
56 185 0.16402653877259377
56 128 0.40650130576054444
56 21 0.27908974668611747
56 297 0.2279540302385744
56 238 0.19956050889902974
56 239 0.4699639448782663
56 30 0.18453618395151986
56 252 0.4397325540416801
56 103 0.24494627765842053
56 132 0.20895721109291132
56 59 0.3291799834884893
56 55 0.17642779576758477
56 232 0.2930080117961384
56 161 0.20715186438811453
56 322 0.3185838599165406
56 75 0.22327162918741647
56 331 0.22413974452999896
56 66 0.2163095651679106
56 290 0.1901644739585807
56 207 0.16970534802559178
56 119 0.2839309848209207
56 169 0.26051836851855953
56 62 0.274858930774718
56 332 0.24164999509290183
56 272 0.26407153828548857
56 221 0.2220851419566643
56 342 0.3423074372943477
56 136 0.11370186344791844
56 211 0.29477552451279465
56 203 0.4153170465484527
56 122 0.40970622676721313
56 72 0.24316882696451156
56 188 0.31484033137275197
56 199 0.4732696995261572
56 9 0.27970976858625834
56 82 0.223938916287526
56 334 0.2640823656841017
56 298 0.27450742646492926
56 60 0.17423212682053435
56 212 0.2824580819918543
56 341 0.2682944228760383
56 222 0.2341621561546055
56 313 0.3152034038163017
56 277 0.31225847009600516
56 231 0.20155299067420893
56 142 0.36657593597277477
56 304 0.30443833324361025
56 315 0.20972923126773738
56 40 0.33495807363710534
56 118 0.38700188001195546
56 276 0.2503250849668701
56 200 0.3999804402160748
56 291 0.22303137358373426
56 186 0.3836524615002685
56 303 0.22242817001423762
56 323 0.2745691696469519
56 325 0.26676022483961315
56 285 0.4063658316926898
56 63 0.16480010775383963
56 25 0.35302038883656384
56 13 0.3539587515413237
56 172 0.3352024623000338
56 223 0.2513239551438977
56 98 0.31907880358095614
56 213 0.2776873022977464
56 261 0.36726081304948943
56 113 0.43990222776342947
56 271 0.5353837340994428
254 194 0.48657274594158206
254 302 0.5497725985039241
254 187 0.490322168769582
254 101 0.6573181485764295
254 53 0.28710436619705965
254 249 0.5196344895531062
254 330 0.4928904227364431
254 94 0.5104485154169804
254 204 0.4760296170794045
254 266 0.5770093664331807
254 299 0.4680040547704976
254 346 0.47581699346405226
254 242 0.4315683772195671
254 180 0.5648163500447939
254 196 0.42844272334856387
254 92 0.5191582585704038
194 254 0.48657274594158206
194 242 0.3825529451651103
194 299 0.5324090647020698
194 196 0.3723233090714603
194 92 0.5872252281946249
194 346 0.4861515324506178
194 80 0.4353144326445523
194 1 0.266140448878239
194 266 0.5017668505232427
194 302 0.5916036625881904
194 24 0.580956298680813
194 101 0.547921418182703
194 180 0.643244947051765
194 204 0.4272645589502047
194 249 0.5985411965694466
194 94 0.5483490566037736
194 187 0.5335233553067973
194 53 0.4267465094842996
231 117 0.39543546547528685
231 82 0.11681788305842894
231 315 0.34576412874105084
231 178 0.2245290094240508
231 232 0.2018313596588916
231 9 0.30657127715951243
231 280 0.34390159390159386
231 25 0.11724165399508671
231 40 0.192120733469058
231 29 0.15720361067284902
231 106 0.3102477477477477
231 56 0.20155299067420893
231 332 0.16687311020557327
231 172 0.07337564929219931
231 213 0.23423084257258223
231 199 0.17899363813870495
231 291 0.17946547730817075
231 77 0.167206565851131
231 329 0.3602477477477477
231 239 0.28909932677413036
117 231 0.39543546547528685
117 285 0.14377875381765537
117 77 0.27423208247972736
117 38 0.14765715292167675
117 280 0.183648556569291
127 135 0.4755268983540658
127 197 0.5955411614069444
127 284 0.542167702180498
127 36 0.5567947451177397
127 159 0.4022283621987106
127 320 0.5542894004260512
127 21 0.10909301331173166
127 281 0.6090558832161257
127 108 0.5311775380821322
127 346 0.18501834824184094
127 251 0.42255415943401875
127 139 0.4027794470674847
127 309 0.46706453632044076
127 272 0.37078785422895727
127 184 0.4879136365582017
135 127 0.4755268983540658
135 36 0.7066270178419711
135 309 0.6290679230172607
135 281 0.35604765871533006
135 197 0.42550905159039176
135 184 0.21196330257402163
135 251 0.5052551661857783
135 284 0.354640980411646
135 320 0.42096437751481475
103 285 0.2576982954680485
103 56 0.24494627765842053
103 271 0.27866427732862487
103 339 0.15785329209381252
103 323 0.18834690464121664
103 169 0.25307378919195206
103 185 0.24412184390908853
103 252 0.17735391066738376
103 136 0.23653171108176407
103 211 0.23224447986711624
103 98 0.2286138225187142
103 25 0.24120404836156728
103 7 0.1507269084040989
103 172 0.1709102796645554
103 200 0.22479299698494626
188 133 0.3167342716063607
188 119 0.35442538915119465
188 271 0.4492165538475399
188 285 0.40365895861423673
188 274 0.39166865333390277
188 200 0.4010813873915906
188 13 0.3757791332752252
188 104 0.36307955518488655
188 304 0.22102364658374274
188 315 0.16532570770280625
188 280 0.3684190401388366
188 170 0.4612055817158167
188 323 0.49067506854033893
188 25 0.451839928312764
188 67 0.41458070710607553
188 85 0.3517029420396551
188 165 0.19877622756712893
188 3 0.39403460003584145
188 208 0.2267603057251342
188 56 0.31484033137275197
188 291 0.2888851556651102
188 297 0.408047613321209
188 239 0.317665999493031
188 30 0.1482750392442776
188 26 0.3963036555234519
188 342 0.37492323096059244
188 156 0.21129820354865192
188 258 0.27009319633949497
188 341 0.38228814450513077
188 9 0.4761113478311443
188 186 0.22694419662193985
188 277 0.3305855876042636
188 79 0.32777346441664573
188 334 0.33326031908883547
188 21 0.28216630076920046
188 75 0.31380797898806845
188 290 0.41980544087610694
188 122 0.405755201542373
188 252 0.3432990681936042
188 322 0.2433404102798168
188 142 0.348158822492408
188 224 0.2989345739289886
188 223 0.25825686124067504
188 113 0.47106227106227094
188 176 0.35064020591380163
188 272 0.36779367101880334
188 185 0.35047032219011864
23 116 0.21035805398137958
23 83 0.3787461773700306
23 230 0.13909467631924846
23 227 0.24275153853871
23 61 0.19760168920972734
23 144 0.24071578699676452
23 175 0.16636476183627102
23 245 0.15749235474006118
23 190 0.28606263620373745
23 240 0.14401684050902602
23 99 0.26933702502854917
